25958
23768
29331
4876
14847
11344
9127
17009
13628
28370
3008
29029
6618
28931
9516
30360
7936
18940
14131
18029
17250
7030
4642
16798
19567
9723
24459
30576
28013
14727
5178
10497
27118
12533
8326
22290
18228
25904
22995
22649
10262
25590
1885
5376
31363
22191
3822
20890
12587
20769
12542
21451
9136
26375
8547
30480
6764
10180
3035
1409
29636
22717
8218
4543
14029
20821
24715
16410
5799
13675
30872
13388
7688
3468
700
12257
30579
26159
22451
7203
23494
15887
27196
16625
13139
25183
12793
15872
1933
9750
21155
2067
20469
5399
20479
5260
21568
29814
25037
18961
14731
28404
17834
28021
32485
26216
32172
18935
30937
26953
6435
32259
10467
20897
27059
32511
2762
22440
22857
7428
2185
2908
8693
25076
11302
30735
19528
19939
9352
32127
20281
13739
24372
2912
7548
31564
4357
9404
30122
5570
1788
14106
25898
29986
9877
30658
8827
14393
12994
27321
1127
17479
22624
17967
1680
10939
13149
11274
29150
11608
9677
15539
13038
29719
21690
14949
28514
3692
15292
22998
14603
19897
20027
4539
12753
22585
16248
16950
3945
4173
22888
11119
20951
31741
27198
238
21710
17641
9598
17423
1161
6952
7265
26763
28551
3458
12956
22447
25559
14284
21606
4836
19303
25432
16506
19877
8604
27752
607
2935
7359
15184
3496
15752
5785
10304
21181
19214
23294
12135
6574
9230
30656
4547
20576
12367
17217
22609
12428
1169
2729
25900
22704
17414
22954
13895
28190
19621
25179
12650
1657
27090
12758
23260
30842
5901
3206
4262
3628
2518
14636
31542
3242
2339
21150
12200
31304
6462
6256
18805
18814
12446
8591
2610
7469
14035
19940
24395
31682
9571
14113
424
8469
1308
29738
6708
1198
29326
29558
3060
13439
363
9581
28306
6718
15381
31433
3261
25402
29795
29184
20767
29608
22937
8521
12575
30030
7467
22298
14205
26192
11232
12669
927
1955
12135
9549
22513
17448
4033
28278
31180
10127
32515
10915
22938
1726
22745
8919
21846
27333
23711
24924
23287
16342
26684
22719
12500
7404
32372
3566
8715
9036
22127
12731
4467
9054
31130
17200
18115
30156
20500
4849
11795
6738
25714
25741
8257
17024
32042
19887
13605
29646
22291
14883
9894
1236
17934
17428
11038
30778
29545
29592
16784
11069
6839
15456
7422
4223
15256
24117
22398
8780
5037
550
16184
10948
7528
25761
6488
31677
17832
16529
12745
24247
25447
19457
10327
11881
20841
30695
21791
29347
11169
32229
15167
28178
27149
128
26116
1659
10186
11899
22220
6456
26574
13312
20622
8482
1032
624
2217
758
5692
24082
11465
22231
24495
10389
25637
14027
18721
11807
16993
13501
8944
2799
11582
13616
23451
27448
22686
16856
8129
32045
11134
18340
28583
27652
28670
9133
16706
6960
28150
20118
9026
32032
20241
3662
13237
18536
27054
12878
26148
6546
3452
26488
20039
1957
28166
26350
13660
32361
16746
28256
11584
16721
16179
22212
23440
12840
27028
8553
23926
12914
19301
705
25021
5808
22387
32076
6129
29251
8022
30731
27631
7242
13340
12490
17111
3361
14991
20320
23344
12198
6754
19201
1464
25584
30147
31785
8726
23343
27816
2969
20540
1250
15558
13274
27036
18678
27683
9303
10933
20210
30664
30981
20308
24010
18685
5031
761
3411
10563
32355
7681
514
11006
8887
20795
4471
15296
31369
25672
25631
19361
6854
1907
21074
18439
27220
17971
31713
26007
21541
30416
11921
26101
15904
5124
22523
247
9899
22644
24264
25516
9513
10261
19814
30747
28425
10222
22208
19098
2732
25178
25517
30265
32219
21557
16355
13646
10672
5710
14334
8553
19029
28064
12718
5630
10044
17430
16788
17965
8713
12571
10235
30159
26500
25981
26274
23912
20980
11
20035
18083
8946
27651
30768
19264
213
19874
15300
3563
17697
5798
11611
9892
25482
24845
13268
29424
17175
17976
12310
18416
20551
16121
10680
6129
32069
21410
11012
26762
1915
7665
19733
14154
6723
18096
9059
13116
24678
10781
2864
28550
20412
3279
11221
22769
3168
30382
13789
22357
21723
7724
4435
13687
31460
8390
8628
11574
3651
14969
5811
31048
10775
23413
4953
21348
13733
28198
89
25740
23689
1212
31038
20285
19247
32033
17676
6554
23036
24840
18544
29053
16449
19705
7691
287
1439
12415
26009
20326
10391
26761
27354
18629
25979
31213
3091
1677
32748
4679
10814
30936
14123
16014
12963
31753
22143
29007
16681
7079
19437
28430
17880
5700
17199
28515
28710
7423
11324
24377
18765
23475
12359
20409
31044
32061
25806
13961
21871
20091
16034
8809
8110
1995
20790
4490
17045
20650
21581
23544
5331
24819
3926
16125
22621
3970
28823
10644
5845
6947
9932
18210
19380
21687
155
28877
7198
31062
20858
22604
32528
10319
9702
29949
14047
23743
28515
22764
11660
10394
7426
16375
4604
31071
22931
26498
31699
21006
1225
23529
16632
25090
20325
9184
6000
18414
8879
11897
22565
30636
31475
31310
15673
22620
29364
11143
20571
26670
21897
12498
24412
14537
7368
6690
23303
904
27754
23291
13425
10336
2566
3299
4037
28931
17625
10251
13448
22382
20025
22266
28123
30340
4593
22870
10974
10288
5192
15688
4663
2154
25825
17879
18262
7444
23224
13670
2259
16007
30254
8963
29541
15386
9013
14882
25212
32749
31334
5964
4931
16043
14385
23893
11265
18870
30423
3967
28649
7443
1006
29616
1617
24652
4349
9532
2990
26124
21081
24308
11970
3603
10588
4044
21048
1916
32593
23074
21727
27205
8828
25932
12213
11369
14417
5649
5356
13277
21104
16635
4668
3751
1102
527
11136
16339
927
31128
16254
26026
16290
6764
27811
8038
3537
22938
27616
8831
31309
13937
18569
370
15716
4626
10180
26150
25526
24853
4332
25686
30611
15283
23358
4871
31654
8278
18607
2088
3216
10938
1386
28584
12908
4699
12497
15662
6993
21551
18682
29752
22644
4233
1044
10381
27118
8969
12588
13530
29363
5691
9676
5031
4154
23964
24750
14673
18755
2887
29604
26740
14491
12280
5194
21834
29623
13148
19768
14201
31129
18355
8143
9909
12377
28573
2248
6534
32176
30610
3526
31039
16804
24850
12963
23865
19437
17243
27971
93
7754
13699
18952
19329
19662
13555
24386
8624
31703
22855
3333
7218
5260
30060
28008
19685
3741
8774
12099
5098
22813
14141
28911
2352
2219
1706
7552
12720
5836
1123
29018
5765
15176
29553
21712
32134
28366
8993
12216
5462
21007
30669
24911
22149
16507
3659
7262
19013
27164
7393
12381
19143
7638
21288
15938
6896
20037
16458
30087
29616
14491
7175
21489
24108
7186
20548
7188
17443
27364
15783
119
12836
10980
11656
23021
15669
4650
28012
14192
27835
21506
32659
4209
28386
27430
17538
14766
20738
21289
30708
611
9884
18146
17355
21803
4801
15096
21367
18209
19145
7009
29527
397
3114
8328
27011
18509
32213
12601
3515
27703
89
1105
21738
17810
3261
1040
15414
9214
15378
21608
12080
27392
22469
32370
26111
7446
5347
15998
1637
5368
22739
24934
3490
10829
29234
8947
27953
2780
25517
6473
22607
13067
30948
4177
28638
28636
7424
3267
302
9259
24695
27566
18124
29486
20540
11843
485
6375
20398
10543
14242
4954
5835
12271
7415
9703
12241
30374
6583
9639
9303
17233
3883
5409
15547
17274
26734
11546
21532
16829
507
16541
27079
29841
20143
1843
16399
10091
16771
12440
30547
26264
25059
13624
22078
28167
30733
24550
6932
1765
29177
27023
13862
20745
11054
2257
5525
13917
13123
27190
5000
8053
17746
13098
12408
10737
3269
31731
31080
11005
8494
3681
2122
1701
7539
6856
24183
14378
10298
31426
4734
16474
7636
23971
19751
7877
1028
31895
4614
12768
30744
15932
10245
5943
16333
6832
21689
1072
21600
12785
9366
17972
10105
14204
28539
15674
29567
558
29792
7098
25715
76
9203
32277
303
20009
3308
27188
28207
32243
6417
12156
11135
12485
29511
11045
3314
30108
17294
22677
9992
11775
10812
31951
24670
2038
27010
32217
19911
3824
843
32210
20918
11976
1766
32706
30515
671
29639
29350
21055
17327
28730
15204
5362
7395
31585
28363
30075
2461
26167
19971
27068
11173
22326
28330
4236
22771
29427
26782
909
10041
9160
16332
5084
10831
14535
6210
7379
8173
32512
14759
24946
32568
4436
3579
29317
17661
28338
3535
18229
9194
6058
5723
3252
27741
11624
30502
17112
12199
24923
10474
18185
8343
32179
29380
18326
28826
31734
8831
14808
22592
15651
28399
4676
15035
20936
12963
17138
24638
8080
9983
23363
30772
21599
684
26236
18042
14924
25662
7444
11326
20677
7536
22894
22401
11343
6482
5955
15049
26680
32547
16933
6062
24934
30404
17679
31852
27414
482
17792
2151
6799
